<!DOCTYPE HTML>
<html>
  <head>
    <meta charset="UTF-8">
    <title>SEA results</title>
    <script type="text/javascript">
      //@JSON_VAR data
      var data = {
        "version": "5.5.2",
        "revision": "3d275f62a8ef9cdf5704816f061ff55251222cc9",
        "release": "Sun Jan 29 10:33:12 2023 -0800",
        "program": "SEA",
        "cmd": [
          "sea", "--verbosity", "1", "--oc", ".", "--thresh", "10.0",
          "--align", "center", "--p", "Klf4_peaks_ver2.bed.fa", "--m",
          "motif_db/MOUSE/HOCOMOCOv11_core_MOUSE_mono_meme_format.meme"
        ],
        "options": {
          "objfun": "Differential Enrichment",
          "test": "Fisher Exact Test",
          "order": 2,
          "seed": 0,
          "pseudocount": 0.1,
          "thresh_type": "evalue",
          "thresh": 10,
          "hofract": 0.1,
          "is_holdout": true,
          "strands": "both",
          "align": "center",
          "noseqs": "false"
        },
        "motif_dbs": [
          {
            "source": "motif_db/MOUSE/HOCOMOCOv11_core_MOUSE_mono_meme_format.meme",
            "count": 358
          }
        ],
        "alphabet": {
          "name": "DNA",
          "like": "dna",
          "ncore": 4,
          "symbols": [
            {
              "symbol": "A",
              "name": "Adenine",
              "colour": "CC0000",
              "complement": "T"
            }, {
              "symbol": "C",
              "name": "Cytosine",
              "colour": "0000CC",
              "complement": "G"
            }, {
              "symbol": "G",
              "name": "Guanine",
              "colour": "FFB300",
              "complement": "C"
            }, {
              "symbol": "T",
              "aliases": "U",
              "name": "Thymine",
              "colour": "008000",
              "complement": "A"
            }, {
              "symbol": "N",
              "aliases": "X.",
              "name": "Any base",
              "equals": "ACGT"
            }, {
              "symbol": "V",
              "name": "Not T",
              "equals": "ACG"
            }, {
              "symbol": "H",
              "name": "Not G",
              "equals": "ACT"
            }, {
              "symbol": "D",
              "name": "Not C",
              "equals": "AGT"
            }, {
              "symbol": "B",
              "name": "Not A",
              "equals": "CGT"
            }, {
              "symbol": "M",
              "name": "Amino",
              "equals": "AC"
            }, {
              "symbol": "R",
              "name": "Purine",
              "equals": "AG"
            }, {
              "symbol": "W",
              "name": "Weak",
              "equals": "AT"
            }, {
              "symbol": "S",
              "name": "Strong",
              "equals": "CG"
            }, {
              "symbol": "Y",
              "name": "Pyrimidine",
              "equals": "CT"
            }, {
              "symbol": "K",
              "name": "Keto",
              "equals": "GT"
            }
          ]
        },
        "background": {
          "source": "--control--",
          "frequencies": [0.2303, 0.2697, 0.2697, 0.2303]
        },
        "sequence_db": {
          "source": "Klf4_peaks_ver2.bed.fa",
          "count": 3019,
          "maxlen": 74,
          "holdout": 301
        },
        "control_db": {
          "from": "shuffled",
          "count": 3019,
          "holdout": 301
        },
        "motifs": [
          {
            "db": 0,
            "id": "KLF1_MOUSE.H11MO.0.A",
            "len": 14,
            "consensus": "DGGGYGKGGCYGGG",
            "motif_evalue": 0,
            "motif_nsites": 454,
            "url": "http://hocomoco.autosome.ru/motif/KLF1_MOUSE.H11MO.0.A",
            "pwm": [
              [0.350194, 0.0286874, 0.28634, 0.334779], 
              [0.00445503, 5.9391e-05, 0.984424, 0.0110615], 
              [0.00445503, 0.00446371, 0.991031, 5.07169e-05], 
              [0.00665719, 5.9391e-05, 0.991031, 0.00225287], 
              [0.110159, 0.436087, 0.00226155, 0.451493], 
              [0.00885935, 5.9391e-05, 0.984424, 0.00665719], 
              [0.0242745, 0.00886802, 0.493343, 0.473515], 
              [0.0286788, 0.00666587, 0.911753, 0.0529025], 
              [0.0198701, 0.0176767, 0.911753, 0.0507004], 
              [0.0683176, 0.645292, 0.158615, 0.127776], 
              [0.178426, 0.400852, 0.134391, 0.286331], 
              [0.0991478, 0.127785, 0.532982, 0.240086], 
              [0.046296, 0.171828, 0.621068, 0.160808], 
              [0.0727219, 0.112369, 0.64309, 0.171819]
            ],
            "pvalue": "1.01e-96",
            "log_pvalue": -221.04,
            "evalue": "3.61e-94",
            "log_evalue": -215.16,
            "qvalue": "2.06e-94",
            "log_qvalue": -215.722,
            "tp": 714,
            "fp": 165,
            "enr_ratio": 4.30723,
            "score_thresh": 8.07361,
            "total_sites": 714,
            "site_distr": [
              9, 9, 7, 9, 6, 9, 19, 12, 12, 13, 11, 9, 5, 17, 11, 12, 13, 15,
              13, 8, 11, 11, 10, 10, 13, 12, 12, 10, 11, 12, 14, 11, 16, 15,
              20, 10, 12, 9, 11, 7, 5, 12, 17, 15, 11, 12, 15, 13, 9, 12, 13,
              17, 12, 13, 10, 11, 13, 13, 11, 12, 9
            ],
            "max_sites": 5,
            "site_hist": [0, 619, 82, 12, 0, 1]
          }, {
            "db": 0,
            "id": "KLF5_MOUSE.H11MO.0.A",
            "len": 15,
            "consensus": "RGGGSWGGGHGGGGC",
            "motif_evalue": 0,
            "motif_nsites": 499,
            "url": "http://hocomoco.autosome.ru/motif/KLF5_MOUSE.H11MO.0.A",
            "pwm": [
              [0.242483, 0.110252, 0.476912, 0.170353], 
              [0.126273, 0.0902163, 0.661244, 0.122266], 
              [0.198403, 0.148321, 0.551046, 0.10223], 
              [0.162338, 0.178375, 0.543031, 0.116255], 
              [0.158331, 0.462887, 0.290577, 0.0882048], 
              [0.462879, 0.0220937, 0.170361, 0.344666], 
              [0.0441255, 5.40362e-05, 0.94776, 0.00806057], 
              [0.00405336, 0.00205764, 0.991839, 0.00204975], 
              [0.0100642, 0.00806846, 0.977814, 0.00405336], 
              [0.262519, 0.308609, 0.00205764, 0.426814], 
              [0.0341075, 0.0100721, 0.943753, 0.0120678], 
              [0.0862012, 0.0301081, 0.60915, 0.27454], 
              [0.0421219, 0.00606486, 0.943753, 0.00806057], 
              [0.0581507, 0.0381226, 0.85359, 0.0501363], 
              [0.20241, 0.595125, 0.0781947, 0.12427]
            ],
            "pvalue": "4.44e-92",
            "log_pvalue": -210.347,
            "evalue": "1.59e-89",
            "log_evalue": -204.467,
            "qvalue": "4.53e-90",
            "log_qvalue": -205.722,
            "tp": 707,
            "fp": 171,
            "enr_ratio": 4.11628,
            "score_thresh": 8.19376,
            "total_sites": 707,
            "site_distr": [
              9, 9, 21, 10, 14, 11, 8, 5, 7, 9, 18, 11, 14, 10, 15, 15, 10, 9,
              10, 12, 13, 13, 12, 16, 20, 15, 9, 13, 15, 18, 8, 7, 10, 6, 12,
              10, 16, 17, 11, 11, 9, 16, 12, 3, 15, 8, 11, 14, 13, 13, 14, 16,
              19, 9, 13, 12, 6, 10, 7, 6
            ],
            "max_sites": 11,
            "site_hist": [0, 595, 94, 12, 4, 1, 0, 0, 0, 0, 0, 1]
          }, {
            "db": 0,
            "id": "KLF4_MOUSE.H11MO.0.A",
            "len": 15,
            "consensus": "KRRRVWGGGTGKGGC",
            "motif_evalue": 0,
            "motif_nsites": 500,
            "url": "http://hocomoco.autosome.ru/motif/KLF4_MOUSE.H11MO.0.A",
            "pwm": [
              [0.170012, 0.144025, 0.341986, 0.343977], 
              [0.261994, 0.184017, 0.46996, 0.0840293], 
              [0.285989, 0.206013, 0.41997, 0.0880285], 
              [0.461954, 0.12003, 0.291996, 0.126021], 
              [0.255995, 0.236007, 0.46996, 0.0380385], 
              [0.341978, 0.0180503, 0.158022, 0.48195], 
              [0.106025, 0.00405313, 0.885877, 0.00404525], 
              [0.0280405, 5.39282e-05, 0.891876, 0.0800301], 
              [0.0580345, 0.0440451, 0.883877, 0.0140433], 
              [0.116023, 0.232008, 0.0160507, 0.635919], 
              [0.0960269, 0.0100519, 0.877878, 0.0160429], 
              [0.0220417, 0.00605273, 0.433967, 0.537938], 
              [0.0740313, 0.00805233, 0.815891, 0.102026], 
              [0.0640333, 0.0400459, 0.72191, 0.174011], 
              [0.150016, 0.681918, 0.0700399, 0.0980265]
            ],
            "pvalue": "2.96e-79",
            "log_pvalue": -180.82,
            "evalue": "1.06e-76",
            "log_evalue": -174.939,
            "qvalue": "2.01e-77",
            "log_qvalue": -176.601,
            "tp": 636,
            "fp": 159,
            "enr_ratio": 3.98125,
            "score_thresh": 8.59335,
            "total_sites": 636,
            "site_distr": [
              5, 8, 14, 9, 11, 12, 9, 4, 9, 4, 17, 8, 15, 11, 15, 10, 8, 11,
              11, 11, 11, 10, 11, 13, 18, 7, 9, 8, 19, 18, 10, 8, 6, 10, 9, 8,
              16, 13, 9, 8, 12, 16, 9, 10, 15, 7, 12, 14, 10, 10, 14, 10, 15,
              6, 14, 12, 5, 10, 4, 6
            ],
            "max_sites": 5,
            "site_hist": [0, 574, 49, 11, 1, 1]
          }, {
            "db": 0,
            "id": "KLF3_MOUSE.H11MO.0.A",
            "len": 19,
            "consensus": "GGRGVDGGGCGGGGCYGGG",
            "motif_evalue": 0,
            "motif_nsites": 498,
            "url": "http://hocomoco.autosome.ru/motif/KLF3_MOUSE.H11MO.0.A",
            "pwm": [
              [0.212855, 0.188771, 0.471847, 0.126527], 
              [0.226908, 0.222901, 0.461809, 0.0883819], 
              [0.25903, 0.204832, 0.423664, 0.112473], 
              [0.244977, 0.186764, 0.495939, 0.0723209], 
              [0.32729, 0.246993, 0.315252, 0.110466], 
              [0.345358, 0.044222, 0.35942, 0.251], 
              [0.0341759, 5.41447e-05, 0.965724, 4.62368e-05], 
              [0.00606912, 5.41447e-05, 0.991823, 0.00205387], 
              [0.00406149, 0.00808466, 0.9858, 0.00205387], 
              [0.0863743, 0.642495, 5.41447e-05, 0.271076], 
              [0.00807675, 0.00607703, 0.981785, 0.00406149], 
              [0.00406149, 0.0261533, 0.724808, 0.244977], 
              [0.184748, 0.0181228, 0.754923, 0.0422064], 
              [0.0763361, 0.0100923, 0.843258, 0.0703133], 
              [0.0843667, 0.618404, 0.148619, 0.148611], 
              [0.18274, 0.381504, 0.162672, 0.273084], 
              [0.130542, 0.204832, 0.495939, 0.168687], 
              [0.0923972, 0.242977, 0.530068, 0.134557], 
              [0.160657, 0.218886, 0.481885, 0.138573]
            ],
            "pvalue": "7.41e-78",
            "log_pvalue": -177.599,
            "evalue": "2.65e-75",
            "log_evalue": -171.718,
            "qvalue": "3.78e-76",
            "log_qvalue": -173.667,
            "tp": 842,
            "fp": 292,
            "enr_ratio": 2.87713,
            "score_thresh": 6.61676,
            "total_sites": 842,
            "site_distr": [
              11, 17, 12, 11, 12, 10, 19, 17, 19, 13, 22, 13, 17, 13, 13, 18,
              12, 14, 6, 17, 15, 11, 18, 20, 30, 12, 15, 13, 15, 17, 15, 12,
              23, 13, 13, 10, 19, 18, 15, 10, 16, 11, 16, 12, 23, 14, 17, 19,
              14, 12, 17, 18, 15, 13, 15, 8
            ],
            "max_sites": 11,
            "site_hist": [0, 678, 116, 41, 3, 3, 0, 0, 0, 0, 0, 1]
          }, {
            "db": 0,
            "id": "SALL4_MOUSE.H11MO.0.A",
            "len": 10,
            "consensus": "GSDGGGWGGG",
            "motif_evalue": 0,
            "motif_nsites": 500,
            "url": "http://hocomoco.autosome.ru/motif/SALL4_MOUSE.H11MO.0.A",
            "pwm": [
              [0.18001, 0.138026, 0.513951, 0.168012], 
              [0.134019, 0.258002, 0.477958, 0.13002], 
              [0.359974, 0.00605273, 0.343985, 0.289988], 
              [0.0120437, 0.00205353, 0.97186, 0.0140433], 
              [0.00204565, 0.00405313, 0.981858, 0.0120437], 
              [0.0200421, 0.162022, 0.803893, 0.0140433], 
              [0.373971, 0.0300479, 0.0100519, 0.585929], 
              [0.00604485, 0.00205353, 0.987856, 0.00404525], 
              [0.0980265, 0.0160507, 0.659922, 0.226001], 
              [0.118022, 0.0240491, 0.813891, 0.0440373]
            ],
            "pvalue": "6.65e-40",
            "log_pvalue": -90.2082,
            "evalue": "2.38e-37",
            "log_evalue": -84.3276,
            "qvalue": "2.71e-38",
            "log_qvalue": -86.4995,
            "tp": 655,
            "fp": 290,
            "enr_ratio": 2.2543,
            "score_thresh": 8.04851,
            "total_sites": 655,
            "site_distr": [
              5, 6, 8, 9, 13, 5, 10, 11, 12, 8, 4, 8, 11, 13, 11, 9, 19, 13,
              7, 11, 13, 8, 11, 8, 6, 12, 15, 10, 12, 14, 11, 12, 13, 12, 5,
              7, 11, 10, 12, 15, 6, 5, 11, 14, 10, 5, 9, 8, 5, 11, 12, 11, 12,
              14, 11, 11, 8, 11, 10, 10, 9, 11, 9, 6, 13
            ],
            "max_sites": 7,
            "site_hist": [0, 549, 88, 15, 1, 0, 1, 1]
          }, {
            "db": 0,
            "id": "KLF6_MOUSE.H11MO.0.B",
            "len": 19,
            "consensus": "GSRRGGGHGGGGMHGGGRV",
            "motif_evalue": 0,
            "motif_nsites": 496,
            "url": "http://hocomoco.autosome.ru/motif/KLF6_MOUSE.H11MO.0.B",
            "pwm": [
              [0.155257, 0.185501, 0.510032, 0.14921], 
              [0.221776, 0.247988, 0.479796, 0.0504395], 
              [0.445521, 0.189532, 0.28024, 0.0847068], 
              [0.459631, 0.0181959, 0.368932, 0.153241], 
              [0.0484238, 0.00610153, 0.814406, 0.131068], 
              [0.0242351, 5.4363e-05, 0.955507, 0.0202036], 
              [0.0443923, 0.0524632, 0.891004, 0.0121408], 
              [0.260075, 0.457623, 5.4363e-05, 0.282248], 
              [0.116958, 0.00610153, 0.854721, 0.0222194], 
              [0.0282665, 0.0222273, 0.689432, 0.260075], 
              [0.209682, 0.0645575, 0.683384, 0.0423766], 
              [0.0867225, 0.0302902, 0.836579, 0.046408], 
              [0.229839, 0.453592, 0.207674, 0.108895], 
              [0.294342, 0.318539, 0.137124, 0.249996], 
              [0.0625338, 0.157281, 0.522127, 0.258059], 
              [0.147194, 0.127045, 0.608803, 0.116958], 
              [0.161304, 0.171391, 0.602755, 0.0645495], 
              [0.348766, 0.110919, 0.433435, 0.10688], 
              [0.258059, 0.233878, 0.455608, 0.0524552]
            ],
            "pvalue": "2.86e-29",
            "log_pvalue": -65.7246,
            "evalue": "1.02e-26",
            "log_evalue": -59.844,
            "qvalue": "9.72e-28",
            "log_qvalue": -62.1982,
            "tp": 816,
            "fp": 467,
            "enr_ratio": 1.74573,
            "score_thresh": 6.25661,
            "total_sites": 816,
            "site_distr": [
              9, 15, 10, 14, 17, 13, 22, 10, 20, 10, 19, 15, 20, 15, 16, 15,
              6, 16, 12, 20, 7, 22, 20, 14, 18, 19, 17, 6, 11, 16, 19, 21, 10,
              10, 15, 15, 13, 5, 14, 11, 11, 19, 14, 15, 13, 11, 16, 14, 20,
              19, 9, 11, 14, 16, 24, 13
            ],
            "max_sites": 11,
            "site_hist": [0, 551, 158, 70, 22, 7, 7, 0, 0, 0, 0, 1]
          }, {
            "db": 0,
            "id": "SP3_MOUSE.H11MO.0.B",
            "len": 20,
            "consensus": "SGVVGGGGGCGGGGCBRGSS",
            "motif_evalue": 0,
            "motif_nsites": 415,
            "url": "http://hocomoco.autosome.ru/motif/SP3_MOUSE.H11MO.0.B",
            "pwm": [
              [0.207611, 0.226441, 0.418564, 0.147384], 
              [0.175616, 0.218386, 0.4748, 0.131199], 
              [0.228013, 0.220042, 0.438965, 0.11298], 
              [0.276194, 0.219289, 0.389278, 0.115239], 
              [0.171851, 0.199716, 0.5546, 0.0738329], 
              [0.12081, 0.0750469, 0.638164, 0.165979], 
              [0.138576, 0.00247403, 0.854678, 0.00427133], 
              [0.00246454, 0.0103035, 0.977239, 0.00999285], 
              [0.00969171, 0.0196386, 0.966097, 0.00457247], 
              [0.234487, 0.627474, 0.0506552, 0.0873838], 
              [0.0444725, 0.034394, 0.890061, 0.0310721], 
              [0.00728266, 0.0148205, 0.871542, 0.106355], 
              [0.189468, 0.0349963, 0.719169, 0.0563672], 
              [0.0952133, 0.133165, 0.734527, 0.0370947], 
              [0.114185, 0.553847, 0.239164, 0.0928042], 
              [0.112077, 0.367145, 0.315501, 0.205277], 
              [0.257524, 0.133015, 0.449806, 0.159656], 
              [0.20061, 0.167495, 0.515754, 0.116142], 
              [0.163871, 0.265061, 0.455528, 0.11554], 
              [0.18209, 0.241874, 0.449806, 0.12623]
            ],
            "pvalue": "1.87e-26",
            "log_pvalue": -59.2436,
            "evalue": "6.68e-24",
            "log_evalue": -53.3631,
            "qvalue": "5.44e-25",
            "log_qvalue": -55.8714,
            "tp": 604,
            "fp": 313,
            "enr_ratio": 1.92675,
            "score_thresh": 7.02966,
            "total_sites": 604,
            "site_distr": [
              9, 6, 12, 10, 9, 12, 16, 11, 16, 10, 14, 7, 17, 12, 11, 13, 12,
              8, 9, 10, 14, 10, 8, 19, 12, 8, 14, 13, 11, 14, 9, 11, 10, 6, 6,
              6, 8, 12, 10, 10, 13, 12, 10, 9, 13, 10, 11, 8, 9, 14, 16, 10,
              15, 9, 10
            ],
            "max_sites": 12,
            "site_hist": [0, 379, 117, 58, 28, 14, 3, 1, 1, 2, 0, 0, 1]
          }, {
            "db": 0,
            "id": "SP4_MOUSE.H11MO.0.B",
            "len": 20,
            "consensus": "SRGVARGRGGCGGRGCHDRR",
            "motif_evalue": 0,
            "motif_nsites": 499,
            "url": "http://hocomoco.autosome.ru/motif/SP4_MOUSE.H11MO.0.B",
            "pwm": [
              [0.222446, 0.248501, 0.454873, 0.0741796], 
              [0.266526, 0.148321, 0.462887, 0.122266], 
              [0.140299, 0.180379, 0.605143, 0.0741796], 
              [0.404775, 0.250505, 0.248501, 0.0962193], 
              [0.526995, 0.112256, 0.224458, 0.136291], 
              [0.34667, 0.0261009, 0.549042, 0.0781868], 
              [0.230461, 0.0180865, 0.637201, 0.114252], 
              [0.342663, 0.0200901, 0.615161, 0.0220858], 
              [0.0681688, 0.0120757, 0.901677, 0.0180786], 
              [0.0361111, 0.00406125, 0.935738, 0.0240894], 
              [0.12427, 0.769439, 0.0100721, 0.0962193], 
              [0.0561471, 0.0160829, 0.855594, 0.072176], 
              [0.0541435, 0.0180865, 0.861605, 0.0661652], 
              [0.352681, 0.0301081, 0.567075, 0.0501363], 
              [0.214432, 0.0100721, 0.747399, 0.0280966], 
              [0.198403, 0.597129, 0.14231, 0.0621579], 
              [0.248493, 0.414801, 0.124278, 0.212428], 
              [0.326634, 0.0781947, 0.36471, 0.230461], 
              [0.302591, 0.112256, 0.498952, 0.0862012], 
              [0.332645, 0.14231, 0.430829, 0.0942156]
            ],
            "pvalue": "2.28e-20",
            "log_pvalue": -45.2256,
            "evalue": "8.18e-18",
            "log_evalue": -39.345,
            "qvalue": "5.83e-19",
            "log_qvalue": -41.9869,
            "tp": 763,
            "fp": 479,
            "enr_ratio": 1.59167,
            "score_thresh": 5.53438,
            "total_sites": 763,
            "site_distr": [
              10, 19, 11, 15, 10, 18, 14, 16, 14, 15, 13, 9, 11, 17, 15, 7,
              13, 13, 13, 16, 15, 13, 14, 14, 20, 8, 19, 14, 15, 15, 12, 9,
              25, 6, 8, 11, 12, 13, 26, 14, 12, 10, 11, 16, 14, 11, 12, 10, 9,
              21, 24, 25, 9, 14, 13
            ],
            "max_sites": 8,
            "site_hist": [0, 542, 142, 45, 20, 8, 4, 1, 1]
          }, {
            "db": 0,
            "id": "CTCFL_MOUSE.H11MO.0.A",
            "len": 18,
            "consensus": "GCCRSCAGGGGGCGCYVB",
            "motif_evalue": 0,
            "motif_nsites": 495,
            "url": "http://hocomoco.autosome.ru/motif/CTCFL_MOUSE.H11MO.0.A",
            "pwm": [
              [0.193947, 0.202034, 0.476726, 0.127294], 
              [0.054581, 0.818071, 0.0848858, 0.0424622], 
              [0.0162049, 0.967536, 0.00813365, 0.00812569], 
              [0.343411, 0.107104, 0.397954, 0.151531], 
              [0.0969966, 0.509043, 0.383815, 0.0101455], 
              [0.0525612, 0.593874, 0.0808462, 0.272719], 
              [0.900875, 0.0263118, 0.0505493, 0.0222643], 
              [0.0040861, 0.00409406, 0.991773, 4.65169e-05], 
              [0.169709, 5.44728e-05, 0.82615, 0.0040861], 
              [0.044482, 0.0525691, 0.787774, 0.115175], 
              [0.00812569, 0.00409406, 0.983694, 0.0040861], 
              [0.00206631, 0.0182326, 0.941278, 0.0384226], 
              [0.0465018, 0.947338, 5.44728e-05, 0.0061059], 
              [0.135373, 0.00207427, 0.858467, 0.0040861], 
              [0.0222643, 0.787774, 0.149519, 0.0404424], 
              [0.111135, 0.389875, 0.0949848, 0.404005], 
              [0.234343, 0.313123, 0.397954, 0.054581], 
              [0.0848779, 0.365637, 0.260608, 0.288877]
            ],
            "pvalue": "1.82e-19",
            "log_pvalue": -43.1493,
            "evalue": "6.52e-17",
            "log_evalue": -37.2688,
            "qvalue": "4.13e-18",
            "log_qvalue": -40.0284,
            "tp": 182,
            "fp": 51,
            "enr_ratio": 3.51923,
            "score_thresh": 7.84809,
            "total_sites": 182,
            "site_distr": [
              2, 2, 1, 2, 2, 3, 2, 0, 1, 2, 4, 2, 4, 4, 2, 6, 3, 2, 2, 5, 3,
              3, 2, 6, 5, 1, 5, 1, 6, 8, 6, 2, 1, 4, 1, 5, 5, 3, 1, 3, 6, 4,
              4, 7, 3, 4, 3, 5, 3, 6, 2, 3, 1, 0, 5, 1, 3
            ],
            "max_sites": 3,
            "site_hist": [0, 174, 7, 1]
          }, {
            "db": 0,
            "id": "EGR1_MOUSE.H11MO.0.A",
            "len": 14,
            "consensus": "GKGCGKGGGCGGGG",
            "motif_evalue": 0,
            "motif_nsites": 492,
            "url": "http://hocomoco.autosome.ru/motif/EGR1_MOUSE.H11MO.0.A",
            "pwm": [
              [0.227643, 0.193105, 0.471504, 0.107748], 
              [0.136198, 0.172784, 0.339417, 0.351601], 
              [0.0508495, 0.0386648, 0.896214, 0.0142716], 
              [0.154487, 0.67065, 0.0122474, 0.162615], 
              [0.00207891, 5.48049e-05, 0.987659, 0.0102073], 
              [0.00411102, 0.00208691, 0.54466, 0.449143], 
              [0.0345926, 0.00208691, 0.963274, 4.68005e-05], 
              [4.68005e-05, 0.00411902, 0.989691, 0.00614312], 
              [4.68005e-05, 5.48049e-05, 0.999852, 4.68005e-05], 
              [0.148391, 0.611719, 5.48049e-05, 0.239835], 
              [4.68005e-05, 0.00615113, 0.989691, 0.00411102], 
              [0.0244321, 0.0285043, 0.778352, 0.168712], 
              [0.262189, 0.0854033, 0.548724, 0.103684], 
              [0.219514, 0.097596, 0.577173, 0.105716]
            ],
            "pvalue": "4.67e-19",
            "log_pvalue": -42.2078,
            "evalue": "1.67e-16",
            "log_evalue": -36.3272,
            "qvalue": "9.53e-18",
            "log_qvalue": -39.1922,
            "tp": 881,
            "fp": 591,
            "enr_ratio": 1.48986,
            "score_thresh": 1.30578,
            "total_sites": 881,
            "site_distr": [
              11, 13, 8, 12, 17, 9, 17, 12, 13, 5, 13, 20, 16, 15, 18, 17, 14,
              16, 12, 7, 14, 15, 17, 10, 24, 11, 14, 13, 11, 25, 12, 11, 12,
              17, 16, 12, 12, 21, 14, 20, 13, 14, 12, 14, 10, 10, 12, 15, 17,
              17, 24, 18, 13, 17, 16, 13, 13, 16, 15, 14, 20
            ],
            "max_sites": 11,
            "site_hist": [0, 615, 175, 63, 18, 6, 1, 1, 1, 0, 0, 1]
          }, {
            "db": 0,
            "id": "EGR2_MOUSE.H11MO.0.A",
            "len": 14,
            "consensus": "KGHGTGGGHGGGGG",
            "motif_evalue": 0,
            "motif_nsites": 500,
            "url": "http://hocomoco.autosome.ru/motif/EGR2_MOUSE.H11MO.0.A",
            "pwm": [
              [0.138018, 0.142026, 0.41797, 0.301986], 
              [0.0940273, 0.134027, 0.727908, 0.0440373], 
              [0.222002, 0.397974, 0.0680403, 0.311984], 
              [0.0200421, 0.0120515, 0.949864, 0.0180425], 
              [0.00804445, 0.0140511, 0.295995, 0.68191], 
              [0.0620337, 0.00405313, 0.925869, 0.00804445], 
              [0.00204565, 0.00405313, 0.983857, 0.0100441], 
              [0.00204565, 0.0180503, 0.979858, 4.60519e-05], 
              [0.247996, 0.41797, 0.0140511, 0.319982], 
              [0.0280405, 0.0160507, 0.923869, 0.0320397], 
              [0.0720317, 0.00805233, 0.729908, 0.190008], 
              [0.251996, 0.0960347, 0.541946, 0.110024], 
              [0.188008, 0.108032, 0.527948, 0.176011], 
              [0.224001, 0.17002, 0.499954, 0.106025]
            ],
            "pvalue": "1.81e-17",
            "log_pvalue": -38.5509,
            "evalue": "6.48e-15",
            "log_evalue": -32.6703,
            "qvalue": "3.36e-16",
            "log_qvalue": -35.6307,
            "tp": 316,
            "fp": 144,
            "enr_ratio": 2.18621,
            "score_thresh": 8.51358,
            "total_sites": 316,
            "site_distr": [
              2, 5, 4, 6, 2, 7, 6, 5, 4, 2, 3, 5, 3, 5, 6, 6, 6, 6, 9, 4, 4,
              6, 6, 9, 6, 5, 4, 4, 12, 5, 5, 3, 4, 3, 8, 5, 4, 4, 3, 3, 5, 9,
              5, 1, 2, 4, 1, 4, 8, 8, 10, 3, 6, 8, 7, 5, 6, 6, 11, 2, 5
            ],
            "max_sites": 6,
            "site_hist": [0, 269, 40, 6, 0, 0, 1]
          }, {
            "db": 0,
            "id": "CTCF_MOUSE.H11MO.0.A",
            "len": 20,
            "consensus": "YGGCCASCAGRGGGCGCYVB",
            "motif_evalue": 0,
            "motif_nsites": 500,
            "url": "http://hocomoco.autosome.ru/motif/CTCF_MOUSE.H11MO.0.A",
            "pwm": [
              [0.0800301, 0.36798, 0.128028, 0.423961], 
              [0.148016, 0.176019, 0.525949, 0.150016], 
              [0.204005, 0.0920355, 0.587936, 0.116023], 
              [0.0400381, 0.875879, 0.0480443, 0.0360389], 
              [0.00804445, 0.989856, 5.39282e-05, 0.00204565], 
              [0.635919, 0.0180503, 0.285997, 0.0600341], 
              [0.0200421, 0.601934, 0.36798, 0.0100441], 
              [0.104025, 0.611932, 0.0420455, 0.241998], 
              [0.885869, 0.0380463, 0.0520435, 0.0240413], 
              [0.00204565, 5.39282e-05, 0.993855, 0.00404525], 
              [0.347976, 5.39282e-05, 0.649924, 0.00204565], 
              [0.0340393, 0.0360467, 0.639926, 0.289988], 
              [0.00204565, 0.00805233, 0.979858, 0.0100441], 
              [0.0220417, 0.0200499, 0.899874, 0.0580345], 
              [0.0660329, 0.903873, 5.39282e-05, 0.0300401], 
              [0.251996, 0.00605273, 0.737906, 0.00404525], 
              [0.0640333, 0.66992, 0.246005, 0.0200421], 
              [0.0900281, 0.361982, 0.11803, 0.42996], 
              [0.291988, 0.303993, 0.357982, 0.0460369], 
              [0.0920277, 0.242006, 0.359982, 0.305985]
            ],
            "pvalue": "4.53e-15",
            "log_pvalue": -33.0278,
            "evalue": "1.62e-12",
            "log_evalue": -27.1473,
            "qvalue": "7.70e-14",
            "log_qvalue": -30.1946,
            "tp": 219,
            "fp": 88,
            "enr_ratio": 2.47191,
            "score_thresh": 5.83323,
            "total_sites": 219,
            "site_distr": [
              1, 2, 3, 2, 0, 1, 5, 2, 2, 3, 3, 5, 3, 3, 4, 5, 3, 6, 3, 4, 6,
              3, 2, 4, 7, 0, 6, 6, 6, 7, 4, 3, 2, 4, 3, 7, 7, 3, 3, 4, 6, 8,
              7, 5, 4, 4, 3, 9, 5, 4, 5, 3, 2, 3, 4
            ],
            "max_sites": 3,
            "site_hist": [0, 212, 6, 1]
          }, {
            "db": 0,
            "id": "E2F4_MOUSE.H11MO.0.A",
            "len": 14,
            "consensus": "RGGGGGCGGGRMNN",
            "motif_evalue": 0,
            "motif_nsites": 500,
            "url": "http://hocomoco.autosome.ru/motif/E2F4_MOUSE.H11MO.0.A",
            "pwm": [
              [0.38197, 0.190016, 0.273999, 0.154015], 
              [0.233999, 0.100034, 0.603933, 0.0620337], 
              [0.204005, 0.0680403, 0.551944, 0.176011], 
              [0.247996, 0.0660407, 0.529948, 0.156015], 
              [0.0240413, 0.0740391, 0.899874, 0.00204565], 
              [0.0120437, 0.00805233, 0.96986, 0.0100441], 
              [0.0260409, 0.897874, 0.00605273, 0.0700321], 
              [0.00804445, 0.00205353, 0.957862, 0.0320397], 
              [0.00204565, 0.0480443, 0.909872, 0.0400381], 
              [0.0680325, 0.0100519, 0.903873, 0.0180425], 
              [0.57793, 0.0480443, 0.325989, 0.0480365], 
              [0.395967, 0.393975, 0.106033, 0.104025], 
              [0.301986, 0.279998, 0.176019, 0.241998], 
              [0.27999, 0.196015, 0.196015, 0.32798]
            ],
            "pvalue": "1.44e-12",
            "log_pvalue": -27.2687,
            "evalue": "5.14e-10",
            "log_evalue": -21.3882,
            "qvalue": "2.25e-11",
            "log_qvalue": -24.5156,
            "tp": 1052,
            "fp": 807,
            "enr_ratio": 1.30322,
            "score_thresh": 4.08898,
            "total_sites": 1052,
            "site_distr": [
              14, 18, 13, 13, 8, 17, 10, 19, 15, 20, 16, 18, 14, 16, 17, 17,
              14, 20, 20, 14, 18, 16, 17, 21, 14, 17, 24, 27, 15, 17, 26, 14,
              16, 11, 22, 12, 16, 16, 17, 22, 29, 14, 20, 21, 17, 17, 15, 22,
              19, 15, 17, 19, 22, 23, 16, 19, 15, 13, 19, 15, 14
            ],
            "max_sites": 6,
            "site_hist": [0, 687, 227, 76, 43, 15, 4]
          }, {
            "db": 0,
            "id": "SP2_MOUSE.H11MO.0.B",
            "len": 22,
            "consensus": "GGSSVGGGGGCGGGGCCDGSGS",
            "motif_evalue": 0,
            "motif_nsites": 499,
            "url": "http://hocomoco.autosome.ru/motif/SP2_MOUSE.H11MO.0.B",
            "pwm": [
              [0.128526, 0.250154, 0.569034, 0.0522855], 
              [0.18, 0.246125, 0.522893, 0.0509809], 
              [0.150761, 0.282177, 0.504605, 0.0624568], 
              [0.154518, 0.318677, 0.420543, 0.106262], 
              [0.28796, 0.222109, 0.38433, 0.105601], 
              [0.175214, 0.100135, 0.656767, 0.067884], 
              [0.140021, 0.0557904, 0.706028, 0.0981606], 
              [0.296012, 0.0549147, 0.630414, 0.0186593], 
              [0.0378318, 0.00429383, 0.918475, 0.0393997], 
              [0.0122143, 0.0208909, 0.956789, 0.0101056], 
              [0.0434584, 0.889617, 0.0128546, 0.0540699], 
              [0.0323973, 0.0164228, 0.900173, 0.0510069], 
              [0.0125923, 0.0201796, 0.934457, 0.0327715], 
              [0.0993374, 0.0869224, 0.785946, 0.0277945], 
              [0.220789, 0.177593, 0.581643, 0.0199742], 
              [0.10385, 0.604629, 0.21866, 0.0728608], 
              [0.0500932, 0.508076, 0.233445, 0.208385], 
              [0.201314, 0.190208, 0.392568, 0.21591], 
              [0.129682, 0.236984, 0.52648, 0.106854], 
              [0.182026, 0.257942, 0.465999, 0.0940318], 
              [0.150528, 0.185508, 0.589241, 0.0747232], 
              [0.122744, 0.326355, 0.494875, 0.0560261]
            ],
            "pvalue": "1.18e-11",
            "log_pvalue": -25.1651,
            "evalue": "4.22e-9",
            "log_evalue": -19.2846,
            "qvalue": "1.72e-10",
            "log_qvalue": -22.486,
            "tp": 420,
            "fp": 257,
            "enr_ratio": 1.63178,
            "score_thresh": 7.13745,
            "total_sites": 420,
            "site_distr": [
              5, 10, 5, 7, 9, 9, 9, 7, 9, 4, 8, 10, 8, 7, 9, 12, 9, 9, 10, 7,
              5, 6, 11, 10, 7, 6, 9, 11, 10, 4, 10, 7, 3, 10, 7, 4, 13, 3, 9,
              10, 6, 7, 7, 13, 10, 7, 8, 6, 8, 6, 5, 12, 7
            ],
            "max_sites": 12,
            "site_hist": [0, 246, 72, 46, 24, 14, 7, 4, 3, 1, 1, 1, 1]
          }, {
            "db": 0,
            "id": "SOX2_MOUSE.H11MO.0.A",
            "len": 16,
            "consensus": "KCYWTTGTHATGCWAA",
            "motif_evalue": 0,
            "motif_nsites": 499,
            "url": "http://hocomoco.autosome.ru/motif/SOX2_MOUSE.H11MO.0.A",
            "pwm": [
              [0.0701724, 0.184386, 0.292581, 0.452861], 
              [0.0561471, 0.563067, 0.14231, 0.238475], 
              [0.0501363, 0.545035, 0.0160829, 0.388746], 
              [0.438836, 0.0120757, 0.00806846, 0.54102], 
              [0.00204975, 0.0220937, 0.0100721, 0.965784], 
              [0.0140714, 0.00205764, 0.00406125, 0.97981], 
              [0.0781868, 0.152328, 0.745396, 0.0240894], 
              [0.104234, 0.00205764, 0.0240973, 0.869611], 
              [0.226454, 0.248501, 0.156335, 0.36871], 
              [0.681272, 0.0781947, 0.0661731, 0.17436], 
              [0.072176, 0.0100721, 0.0381226, 0.879629], 
              [0.0381147, 0.0581586, 0.751406, 0.15232], 
              [0.0481327, 0.635197, 0.118267, 0.198403], 
              [0.559052, 0.102238, 0.0341153, 0.304594], 
              [0.555045, 0.0942235, 0.144314, 0.206418], 
              [0.773438, 0.0381226, 0.0761911, 0.112248]
            ],
            "pvalue": "4.96e-11",
            "log_pvalue": -23.7262,
            "evalue": "1.78e-8",
            "log_evalue": -17.8457,
            "qvalue": "6.75e-10",
            "log_qvalue": -21.1161,
            "tp": 108,
            "fp": 33,
            "enr_ratio": 3.20588,
            "score_thresh": 10.4669,
            "total_sites": 108,
            "site_distr": [
              0, 3, 3, 3, 1, 0, 3, 3, 2, 3, 1, 1, 1, 1, 1, 0, 3, 3, 0, 1, 3,
              1, 3, 1, 1, 2, 2, 2, 2, 3, 1, 4, 2, 2, 2, 3, 2, 2, 1, 3, 2, 0,
              1, 1, 2, 2, 2, 2, 2, 1, 0, 2, 4, 1, 2, 1, 3, 1, 4
            ],
            "max_sites": 3,
            "site_hist": [0, 104, 3, 1]
          }, {
            "db": 0,
            "id": "SP5_MOUSE.H11MO.0.C",
            "len": 24,
            "consensus": "RRGGRGGRGGRGRRGGGGGAGGRG",
            "motif_evalue": 0,
            "motif_nsites": 499,
            "url": "http://hocomoco.autosome.ru/motif/SP5_MOUSE.H11MO.0.C",
            "pwm": [
              [0.282555, 0.138303, 0.470902, 0.108241], 
              [0.326634, 0.106245, 0.394765, 0.172356], 
              [0.188385, 0.110252, 0.573085, 0.128277], 
              [0.238475, 0.0701803, 0.543031, 0.148313], 
              [0.352681, 0.056155, 0.537021, 0.0541435], 
              [0.208421, 0.0701803, 0.633194, 0.0882048], 
              [0.208421, 0.14231, 0.595125, 0.0541435], 
              [0.370713, 0.178375, 0.326642, 0.12427], 
              [0.206418, 0.0581586, 0.579096, 0.156327], 
              [0.184378, 0.116263, 0.605143, 0.0942156], 
              [0.288565, 0.0982308, 0.522995, 0.0902084], 
              [0.164342, 0.0641694, 0.70332, 0.0681688], 
              [0.334648, 0.170361, 0.40879, 0.0862012], 
              [0.422807, 0.0761911, 0.302599, 0.198403], 
              [0.230461, 0.0621658, 0.60915, 0.0982229], 
              [0.234468, 0.0321117, 0.541028, 0.192392], 
              [0.262519, 0.00606486, 0.713338, 0.0180786], 
              [0.0301002, 0.0220937, 0.939745, 0.00806057], 
              [0.026093, 0.0321117, 0.913699, 0.0280966], 
              [0.615153, 0.26453, 0.00806846, 0.112248], 
              [0.118259, 0.0160829, 0.817525, 0.0481327], 
              [0.00806057, 0.0240973, 0.937742, 0.0301002], 
              [0.500948, 5.40362e-05, 0.488934, 0.0100642], 
              [0.0561471, 0.0240973, 0.873626, 0.0461291]
            ],
            "pvalue": "1.42e-10",
            "log_pvalue": -22.6775,
            "evalue": "5.07e-8",
            "log_evalue": -16.7969,
            "qvalue": "1.81e-9",
            "log_qvalue": -20.1319,
            "tp": 835,
            "fp": 628,
            "enr_ratio": 1.32909,
            "score_thresh": 3.17111,
            "total_sites": 835,
            "site_distr": [
              20, 15, 20, 17, 19, 15, 19, 15, 15, 21, 21, 17, 20, 17, 17, 15,
              11, 14, 13, 9, 14, 16, 12, 20, 19, 7, 22, 10, 11, 19, 19, 18, 7,
              12, 18, 17, 16, 25, 17, 16, 14, 25, 21, 15, 8, 15, 14, 20, 20,
              24, 13
            ],
            "max_sites": 22,
            "site_hist": [
              0, 441, 157, 92, 56, 31, 19, 13, 6, 7, 2, 0, 2, 3, 1, 0, 0, 2,
              0, 1, 1, 0, 1
            ]
          }, {
            "db": 0,
            "id": "NANOG_MOUSE.H11MO.0.A",
            "len": 17,
            "consensus": "BCYWTTGTBATGYWAAT",
            "motif_evalue": 0,
            "motif_nsites": 500,
            "url": "http://hocomoco.autosome.ru/motif/NANOG_MOUSE.H11MO.0.A",
            "pwm": [
              [0.102026, 0.236007, 0.250004, 0.411964], 
              [0.0420377, 0.533947, 0.176019, 0.247996], 
              [0.0660329, 0.529948, 0.0300479, 0.373971], 
              [0.393967, 0.0180503, 0.0180503, 0.569932], 
              [0.0120437, 0.0200499, 0.0280483, 0.939858], 
              [0.0380385, 0.00805233, 0.0380463, 0.915863], 
              [0.0520357, 0.264001, 0.603933, 0.0800301], 
              [0.228, 0.0460447, 0.0380463, 0.687908], 
              [0.170012, 0.260002, 0.206013, 0.363973], 
              [0.621922, 0.0500439, 0.0820375, 0.245997], 
              [0.0400381, 0.0220495, 0.0440451, 0.893867], 
              [0.0220417, 0.0260487, 0.649924, 0.301986], 
              [0.0460369, 0.541946, 0.12203, 0.289988], 
              [0.543937, 0.0620415, 0.0340471, 0.359974], 
              [0.663913, 0.0500439, 0.184017, 0.102026], 
              [0.811884, 0.0240491, 0.0520435, 0.112024], 
              [0.196007, 0.0860367, 0.154023, 0.563933]
            ],
            "pvalue": "3.99e-10",
            "log_pvalue": -21.6418,
            "evalue": "1.43e-7",
            "log_evalue": -15.7613,
            "qvalue": "4.79e-9",
            "log_qvalue": -19.1569,
            "tp": 80,
            "fp": 20,
            "enr_ratio": 3.85714,
            "score_thresh": 11.9398,
            "total_sites": 80,
            "site_distr": [
              1, 4, 0, 3, 0, 1, 2, 3, 2, 1, 0, 2, 1, 1, 0, 2, 1, 3, 0, 2, 2,
              2, 0, 1, 1, 0, 2, 1, 2, 2, 0, 4, 1, 0, 1, 3, 2, 2, 2, 1, 1, 1,
              0, 1, 2, 2, 2, 1, 2, 1, 1, 1, 3, 1, 0, 1, 1, 1
            ],
            "max_sites": 3,
            "site_hist": [0, 76, 3, 1]
          }, {
            "db": 0,
            "id": "RUNX3_MOUSE.H11MO.0.A",
            "len": 12,
            "consensus": "KKCTGTGGTTWS",
            "motif_evalue": 0,
            "motif_nsites": 500,
            "url": "http://hocomoco.autosome.ru/motif/RUNX3_MOUSE.H11MO.0.A",
            "pwm": [
              [0.140018, 0.188016, 0.439966, 0.232], 
              [0.0660329, 0.228008, 0.463961, 0.241998], 
              [0.146017, 0.539946, 0.0600419, 0.253995], 
              [0.0180425, 0.0140511, 0.0100519, 0.957854], 
              [0.00204565, 0.00405313, 0.991856, 0.00204565], 
              [0.0420377, 0.132028, 0.00205353, 0.823881], 
              [0.00404525, 0.00205353, 0.989856, 0.00404525], 
              [4.60519e-05, 0.00605273, 0.991856, 0.00204565], 
              [4.60519e-05, 0.0980343, 0.0840371, 0.817882], 
              [0.0340393, 0.252004, 0.0880363, 0.625921], 
              [0.325981, 0.0540431, 0.186017, 0.433959], 
              [0.12802, 0.256003, 0.413971, 0.202006]
            ],
            "pvalue": "2.00e-9",
            "log_pvalue": -20.0325,
            "evalue": "7.14e-7",
            "log_evalue": -14.152,
            "qvalue": "2.26e-8",
